0.000000
0.007597
0.016113
0.025478
0.032886
0.040543
0.051352
0.061301
0.069765
0.079895
0.089340
0.100943
0.110761
0.122370
0.136617
0.148744
0.164872
0.183842
0.201273
0.220389
0.239355
0.256464
0.267735
0.280340
0.287452
0.289425
0.289075
0.287916
0.283677
0.281018
0.276508
0.271128
0.264086
0.254725
0.248831
0.241345
0.230239
0.218850
0.205563
0.193108
0.181879
0.170894
0.155502
0.141488
0.129769
0.118980
0.107524
0.096085
0.086333
0.078670
0.066204
0.056342
0.048001
0.035645
0.023853
0.012785
0.004392
-0.001534
-0.006792
-0.009805
-0.013051
-0.018705
-0.021063
-0.024590
-0.030303
-0.035316
-0.040879
-0.045066
-0.053118
-0.054350
-0.055603
-0.056704
-0.056729
-0.060775
-0.061968
-0.062236
-0.062361
-0.063800
-0.062397
-0.062150
-0.064405
-0.063401
-0.063040
-0.065087
-0.069368
-0.071626
-0.072511
-0.071786
-0.069637
-0.068151
-0.064472
-0.059005
-0.056880
-0.057932
-0.059302
-0.062851
-0.067768
-0.072859
-0.079017
-0.081263
-0.082944
-0.087040
-0.093873
-0.101370
-0.110150
-0.120380
-0.133576
-0.145925
-0.157480
-0.168464
-0.178874
-0.185376
-0.191557
-0.198660
-0.208674
-0.214741
-0.218858
-0.222434
-0.222753
-0.223264
-0.218105
-0.207459
-0.200964
-0.195957
-0.188170
-0.183854
-0.176869
-0.170629
-0.166201
-0.161802
-0.161158
-0.155213
-0.147349
-0.139336
-0.131001
-0.121770
-0.111504
-0.097522
-0.084304
-0.071891
-0.057458
-0.038739
-0.022400
-0.007136
0.012142
0.029685
0.046040
0.062620
0.079679
0.096306
0.106518
0.113295
0.121228
0.130865
0.138758
0.146203
0.153784
0.159080
0.163242
0.166044
0.166356
0.167259
0.165536
0.162041
0.161832
0.164198
0.166048
0.168436
0.169736
0.172652
0.175556
0.177807
0.177456
0.173329
0.171575
0.168223
0.164553
0.164075
0.161728
0.157243
0.150685
0.149256
0.143147
0.138906
0.133192
0.127354
0.122340
0.115573
0.108848
0.100374
0.092823
0.081811
0.071715
0.064351
0.055952
0.050227
0.046203
0.043552
0.043382
0.043658
0.044331
0.047879
0.049914
0.052827
0.057813
0.060892
0.065354
0.072961
0.084225
0.095029
0.103921
0.114123
0.123227
0.134333
0.145261
0.154848
0.160190
0.165429
0.171019
0.174990
0.177485
0.181088
0.183486
0.184352
0.183615
0.183673
0.181674
0.175092
0.165308
0.155597
0.140363
0.120126
0.102518
0.085187
0.067570
0.047950
0.029494
0.012120
-0.002142
-0.013318
-0.027455
-0.040018
-0.051285
-0.061401
-0.070386
-0.079203
-0.084512
-0.090201
-0.097121
-0.106694
-0.114178
-0.119209
-0.125421
-0.134276
-0.141099
-0.148297
-0.158112
-0.165733
-0.171394
-0.178454
-0.186621
-0.196898
-0.207664
-0.218582
-0.231099
-0.240418
-0.252382
-0.268163
-0.283364
-0.300402
-0.315496
-0.326862
-0.338443
-0.348153
-0.358571
-0.366765
-0.375472
-0.380356
-0.383788
-0.389772
-0.396862
-0.402683
-0.409584
-0.412191
-0.415250
-0.417208
-0.413319
-0.410553
-0.407135
-0.402120
-0.399640
-0.395027
-0.387117
-0.380488
-0.376642
-0.369724
-0.364956
-0.358850
-0.353422
-0.347161
-0.338954
-0.330120
-0.317681
-0.301190
-0.283086
-0.262398
-0.239450
-0.215495
-0.193301
-0.172088
-0.150144
-0.126047
-0.103732
-0.081517
-0.056112
-0.033936
-0.009932
0.014652
0.040225
0.061245
0.080336
0.103594
0.123464
0.144519
0.165454
0.186395
0.208587
0.229158
0.247880
0.265752
0.286451
0.303581
0.320557
0.342697
0.363254
0.380035
0.395758
0.411694
0.427977
0.442336
0.455896
0.467894
0.478787
0.490988
0.502425
0.515680
0.531899
0.545993
0.558831
0.571788
0.583591
0.592107
0.598021
0.601127
0.606037
0.612081
0.622556
0.631743
0.637583
0.643716
0.647652
0.649414
0.652370
0.651726
0.653585
0.653478
0.649341
0.649231
0.648069
0.644723
0.637759
0.622792
0.606878
0.588770
0.568144
0.550421
0.531400
0.511256
0.494638
0.473494
0.448988
0.421407
0.393665
0.365515
0.337101
0.308559
0.280490
0.255232
0.227908
0.198545
0.164570
0.127015
0.093000
0.060654
0.022628
-0.013808
-0.047801
-0.083129
-0.115382
-0.148933
-0.180665
-0.212462
-0.243308
-0.269937
-0.296950
-0.324401
-0.351174
-0.376593
-0.404780
-0.429963
-0.455128
-0.478117
-0.496727
-0.512510
-0.531008
-0.547153
-0.563340
-0.576357
-0.592236
-0.608088
-0.623881
-0.640774
-0.659640
-0.675276
-0.688541
-0.700755
-0.707425
-0.717304
-0.725015
-0.730558
-0.732410
-0.735651
-0.734868
-0.727826
-0.724011
-0.719545
-0.716750
-0.711483
-0.704243
-0.696196
-0.687987
-0.677869
-0.667994
-0.656965
-0.646282
-0.635309
-0.626047
-0.617718
-0.610467
-0.604543
-0.598156
-0.593877
-0.589851
-0.582843
-0.576126
-0.569251
-0.564915
-0.557818
-0.551955
-0.544353
-0.535741
-0.524214
-0.507234
-0.489758
-0.472353
-0.456574
-0.438942
-0.420434
-0.400800
-0.378599
-0.355331
-0.332878
-0.308673
-0.283786
-0.261210
-0.238938
-0.214589
-0.191254
-0.168937
-0.143343
-0.117148
-0.088482
-0.063334
-0.037034
-0.007132
0.023622
0.056081
0.087209
0.115939
0.142530
0.170255
0.199252
0.223351
0.249830
0.271647
0.292167
0.310489
0.328030
0.345507
0.364055
0.378539
0.390402
0.402746
0.414901
0.423416
0.431894
0.441998
0.451996
0.460869
0.472430
0.483091
0.496097
0.507477
0.518934
0.530637
0.542218
0.557289
0.570594
0.583096
0.594737
0.607178
0.617171
0.628116
0.636188
0.646302
0.659149
0.672980
0.685422
0.698434
0.710605
0.722476
0.733428
0.747600
0.760084
0.771670
0.781702
0.785257
0.788332
0.790593
0.793014
0.798020
0.803502
0.809479
0.816497
0.823153
0.826421
0.828735
0.829141
0.830856
0.829906
0.829510
0.828054
0.821815
0.814205
0.805058
0.792519
0.777116
0.760895
0.742389
0.722312
0.701510
0.676461
0.649606
0.623629
0.592916
0.566288
0.539163
0.511538
0.481929
0.455323
0.427428
0.392723
0.360912
0.330440
0.297187
0.264378
0.231033
0.199003
0.168442
0.136077
0.100964
0.068033
0.038015
0.005200
-0.027706
-0.060247
-0.097088
-0.133116
-0.168038
-0.201240
-0.234844
-0.269473
-0.299663
-0.329540
-0.358769
-0.387381
-0.416886
-0.441696
-0.466348
-0.492890
-0.517958
-0.538952
-0.558730
-0.578454
-0.596231
-0.614805
-0.631437
-0.647868
-0.660154
-0.673422
-0.688204
-0.700045
-0.710708
-0.718897
-0.726911
-0.734115
-0.734841
-0.737444
-0.742016
-0.743605
-0.746873
-0.747639
-0.747033
-0.746193
-0.741094
-0.735851
-0.730018
-0.723456
-0.716463
-0.705462
-0.692481
-0.680413
-0.668462
-0.654433
-0.639078
-0.622367
-0.603434
-0.587573
-0.570169
-0.552861
-0.534035
-0.511130
-0.490154
-0.466588
-0.438293
-0.411783
-0.386375
-0.360288
-0.333462
-0.308080
-0.280271
-0.255031
-0.232389
-0.215567
-0.198352
-0.183427
-0.170356
-0.155625
-0.138643
-0.125226
-0.113180
-0.101135
-0.090647
-0.078896
-0.064954
-0.053847
-0.040393
-0.028727
-0.015604
0.000807
0.014330
0.031645
0.051171
0.070268
0.089193
0.110381
0.127239
0.143197
0.160053
0.173324
0.187699
0.199221
0.208721
0.212507
0.218232
0.223155
0.229586
0.235062
0.239168
0.243077
0.247026
0.250130
0.254068
0.257756
0.260233
0.262453
0.266035
0.271764
0.274618
0.277996
0.280787
0.285776
0.292403
0.297715
0.302372
0.305986
0.307621
0.306380
0.305060
0.303743
0.300317
0.295278
0.286468
0.276027
0.264313
0.254154
0.247369
0.240480
0.237281
0.231629
0.226692
0.222238
0.217056
0.211885
0.208731
0.206141
0.201634
0.199571
0.198744
0.193995
0.187765
0.182593
0.178353
0.172503
0.162724
0.156175
0.146282
0.135281
0.124516
0.113087
0.100478
0.088537
0.075960
0.059960
0.042531
0.027346
0.010850
-0.003782
-0.020757
-0.035827
-0.051928
-0.063424
-0.075356
-0.086564
-0.095518
-0.104876
-0.115175
-0.123701
-0.134090
-0.147600
-0.162605
-0.177948
-0.193863
-0.207708
-0.223104
-0.236952
-0.254514
-0.270858
-0.285045
-0.299311
-0.314426
-0.331605
-0.349692
-0.367064
-0.382849
-0.400382
-0.418636
-0.436399
-0.455216
-0.474509
-0.488678
-0.502539
-0.515652
-0.530655
-0.545666
-0.559425
-0.570009
-0.579536
-0.588715
-0.598740
-0.608401
-0.617224
-0.628050
-0.642741
-0.653306
-0.662159
-0.671379
-0.679594
-0.690503
-0.694731
-0.697106
-0.700518
-0.701501
-0.701831
-0.698844
-0.691678
-0.685989
-0.681170
-0.675026
-0.665614
-0.656171
-0.644729
-0.629388
-0.616134
-0.597451
-0.577617
-0.559159
-0.539198
-0.518821
-0.501733
-0.484109
-0.460732
-0.439546
-0.418933
-0.395510
-0.373459
-0.351208
-0.326513
-0.301586
-0.275292
-0.248849
-0.224994
-0.204800
-0.185743
-0.164446
-0.143376
-0.118699
-0.092183
-0.062158
-0.029536
0.001880
0.035899
0.068703
0.104164
0.140293
0.176585
0.213579
0.248983
0.283622
0.317920
0.352561
0.384330
0.417989
0.453503
0.489535
0.524011
0.555376
0.587241
0.618132
0.648980
0.681688
0.711058
0.739894
0.770354
0.797720
0.826098
0.851332
0.877821
0.904775
0.929714
0.954979
0.981657
1.009181
1.040591
1.067421
1.092910
1.122265
1.151139
1.178026
1.205233
1.234970
1.264606
1.292244
1.317960
1.342635
1.367694
1.390910
1.413984
1.434160
1.457563
1.483327
1.504525
1.525907
1.543069
1.557408
1.574274
1.589245
1.601146
1.612206
1.625245
1.637043
1.649285
1.662878
1.677917
1.691393
1.706771
1.723974
1.740983
1.759104
1.779078
1.800785
1.821088
1.840949
1.860042
1.880130
1.901138
1.920895
1.936569
1.951701
1.958389
1.965828
1.969926
1.972585
1.973424
1.971870
1.967769
1.963244
1.958936
1.955057
1.952253
1.943447
1.935872
1.926553
1.916462
1.905165
1.894852
1.882018
1.871151
1.860795
1.848038
1.835998
1.823541
1.807444
1.789637
1.772921
1.753923
1.733098
1.712543
1.695758
1.678075
1.662008
1.642379
1.622181
1.605497
1.586509
1.570610
1.551968
1.531771
1.511439
1.486925
1.461449
1.436056
1.410676
1.385054
1.359004
1.332841
1.303532
1.271803
1.236640
1.200860
1.165537
1.127943
1.092486
1.054750
1.015020
0.976625
0.937501
0.897653
0.858698
0.821399
0.782146
0.741434
0.702093
0.661775
0.622660
0.579820
0.537546
0.497610
0.456775
0.419271
0.379954
0.338784
0.298638
0.258865
0.218822
0.180311
0.143984
0.107085
0.071936
0.034293
