0.000000
-0.014909
-0.044917
-0.081205
-0.121728
-0.153994
-0.174149
-0.191790
-0.203885
-0.220357
-0.252046
-0.299258
-0.320818
-0.328743
-0.372878
-0.427457
-0.502009
-0.568537
-0.618213
-0.698849
-0.755027
-0.800739
-0.857850
-0.893150
-0.917722
-0.939917
-0.953114
-0.967762
-1.010722
-1.051098
-1.087164
-1.106868
-1.143158
-1.208173
-1.276882
-1.360625
-1.448077
-1.548667
-1.675466
-1.807451
-1.939821
-2.072701
-2.198890
-2.323521
-2.445696
-2.554587
-2.657751
-2.757871
-2.824963
-2.897361
-2.974629
-3.031342
-3.068614
-3.081513
-3.085808
-3.083138
-3.069245
-3.042480
-3.005536
-2.951549
-2.889290
-2.830399
-2.753653
-2.667707
-2.586720
-2.484205
-2.364378
-2.247216
-2.130446
-2.014149
-1.903158
-1.812392
-1.740375
-1.693887
-1.653490
-1.608601
-1.554612
-1.502657
-1.470694
-1.447373
-1.439663
-1.410730
-1.380514
-1.366556
-1.346460
-1.307098
-1.259417
-1.188129
-1.123346
-1.062717
-0.970466
-0.886027
-0.804309
-0.740072
-0.696874
-0.647169
-0.601594
-0.550561
-0.491549
-0.450919
-0.422020
-0.401237
-0.352479
-0.291966
-0.246460
-0.194406
-0.155223
0.000000
-0.097458
-0.083799
-0.066444
-0.057566
-0.080025
-0.082131
-0.047228
-0.018057
-0.024415
-0.043923
-0.051262
-0.047951
-0.038885
-0.031793
-0.019595
-0.041415
-0.070021
-0.069516
-0.061532
-0.059531
-0.080742
-0.086645
-0.069258
-0.050660
-0.044850
-0.050629
-0.045278
-0.030237
-0.015637
-0.036349
-0.064227
-0.092185
-0.107667
-0.081281
-0.042528
-0.017008
-0.011288
-0.025905
-0.038786
-0.052394
-0.075136
-0.098726
-0.101287
-0.084636
-0.062042
-0.038313
-0.037628
-0.038048
-0.040160
-0.031466
-0.021756
-0.016453
-0.018379
-0.044953
-0.073645
-0.093192
-0.092012
-0.074201
-0.075451
-0.089730
-0.087913
-0.086847
-0.085378
-0.075850
-0.053698
-0.046053
-0.045427
-0.032029
-0.018258
-0.006514
-0.018884
-0.026929
-0.015891
0.011257
0.025274
0.001811
-0.024610
-0.030819
-0.007294
0.006763
0.005039
-0.013004
-0.024126
-0.016690
-0.013717
-0.011767
0.005041
0.012498
0.002156
-0.008223
-0.005242
0.017598
0.031580
0.027554
-0.001492
-0.026284
-0.013525
0.010042
0.006097
-0.008702
-0.025870
-0.016562
0.002521
0.014542
0.030883
0.022041
0.000000
0.000000
0.000000
0.000000
0.000000
0.000000
0.000000
0.000000
0.000000
0.000000
0.000000
0.000000
0.000000
0.000000
0.000000
0.000000
0.000000
0.000000
0.000000
0.000000
0.000000
0.000000
0.000000
0.000000
0.000000
0.000000
0.000000
0.000000
0.000000
0.000000
0.000000
0.000000
0.000000
0.000000
0.000000
0.000000
0.000000
0.000000
0.000000
0.000000
0.000000
0.000000
0.000000
0.000000
0.000000
0.000000
0.000000
0.000000
0.000000
0.000000
0.000000
0.000000
0.000000
0.000000
0.000000
0.000000
0.000000
0.000000
0.000000
0.000000
0.000000
0.000000
0.000000
0.000000
0.000000
0.000000
0.000000
0.000000
0.000000
0.000000
0.000000
0.000000
0.000000
0.000000
0.000000
0.000000
0.000000
0.000000
0.000000
0.000000
0.000000
0.000000
0.000000
0.000000
0.000000
0.000000
0.000000
0.000000
0.000000
0.000000
0.000000
0.000000
0.000000
0.000000
0.000000
0.000000
0.000000
0.000000
0.000000
0.000000
0.000000
0.000000
0.000000
0.000000
0.000000
0.000000
0.000000
0.000000
0.000000
0.000000
0.000000
0.000000
0.000000
0.000000
0.000000
0.000000
0.000000
0.000000
0.000000
0.000000
0.000000
0.000000
0.000000
0.000000
0.000000
0.000000
0.000000
0.000000
0.000000
0.000000
0.000000
0.000000
0.000000
0.000000
0.000000
0.000000
0.000000
0.000000
0.000000
0.000000
0.000000
0.000000
0.000000
0.000000
0.000000
0.000000
0.000000
0.000000
0.000000
0.000000
0.000000
0.000000
0.000000
0.000000
0.000000
0.000000
0.000000
0.000000
0.000000
0.000000
0.000000
0.000000
0.000000
0.000000
0.000000
0.000000
0.000000
0.000000
0.000000
0.000000
0.000000
0.000000
0.000000
0.000000
0.000000
0.000000
0.000000
0.000000
0.000000
0.000000
0.000000
0.000000
0.000000
0.000000
0.000000
0.000000
0.000000
0.000000
0.000000
0.000000
0.000000
0.000000
0.000000
0.000000
0.000000
0.000000
0.000000
0.000000
0.000000
0.000000
0.000000
0.000000
0.000000
0.000000
0.000000
0.000000
0.000000
0.000000
0.000000
0.000000
0.000000
0.000000
0.000000
0.000000
0.000000
0.000000
0.000000
0.000000
0.000000
